$ANSIBLE_VAULT;1.1;AES256
32653661326538663335666137383532653865666339663662626266353165323639383433663466
6664623663383861346564396164333835393665326133300a313432633732353466343635323637
34323030663032643963353734353838333936366239323533616565656639323265363565376364
6665653330643266360a316535633830306233653437643535373737376466366431616232333833
30666333333263623633373135636436323966393563356337333164623832393439326536383264
35336662336264353162376134316433363363306264313866666530343535633263346539633362
63343733626465366333646231386165343166663133313564313933663962373265353065333933
38326335356130313064333831313766623763663335343864356135623863333061643565653732
62326132636238353562393139656331386365366366643730393537616538363332656164353233
32623136316230343466323237646238333233316164623534653166326664616663336663393838
61333039346434393161363765323635383864616430633064336532653061333235613966646237
31393237623134336239393331613532373665343134303937343130666530666661383064376264
64363964376635366637393132363039373861376536356435636431383664306265643064333262
33626465373535373931376636353139313931666361366637353965396439366361623162383038
34363735623737616531333165313866316664363963356436323539323533613433323231353930
39363538383139663739376166643230623561613838353862633937613166653037326561326537
30653466353033383339626631383732333066393637613766616537376463383832623531336365
38613037393039623861373938623634363366653266393965366138643437656431396332646661
35383835653839633038313865393835303335363134383137393532343733333436306536306434
64653565393134333765653537656162383261313166313734333865656463626232643536616130
65613161333562653161663034393633623161313634646230326431363961613435383234373465
65356635613239663661633239323835663761333339663439613231653366663735646130353661
32666232613162666162313861303239313939613564343466363535343966633034373164383038
32313834306437343938303662633662663736613131663665396532666337303965333534346265
3366
